Piccolo
00 0 0 0 0 0 0 0 0 0 0 0 0 0 0 0 0 0 0 0 0 0 1396.91 1396.91 1318.51  1174.66 1396.91 1046.5 987.77  1318.51 1174.66 1046.5 1318.51  1174.66 1046.5 1046.5  0 0 0 0 0 0 0 0 0 0 01567.98 1567.98 1567.98  1567.98 1567.98 1567.98  1567.98 1567.98 1567.98  01567.98 1567.98 1567.98  01396.91 1318.51 1174.66 1396.91 1046.5 987.77  1318.51 1174.66 1046.5 1318.51 1174.66 987.77 1046.5  01396.91 1318.51 1174.66 1396.91 1046.5 987.77  1318.51 1174.66 1046.5 1318.51 1174.66 987.77 1046.5  1318.51 1174.66 1046.5 1318.51 1174.66 987.77 1046.5  1318.51 1174.66 1046.5 1318.51 1174.66 987.77 1046.5  1975.53  1975.53  1975.53  1975.53  1975.53  1975.53  1975.53  1975.53 00 

Flute
0 0 0 0 0 0 0 0 0 0 0 01318.51 1174.66 1046.5 1174.66 1046.5 1318.51 0 1396.91 1396.91 1318.51 880.0  1174.66 1396.91 1046.5 987.77 880.0  1318.51 1174.66 1046.5 1318.51 880.0  1174.66 987.77 1046.5 1046.5 880.0 783.99 698.46  1318.51 1174.66 1046.5 1318.51 880.0  1174.66 987.77 1046.5 1046.5 1046.5 987.77 1046.5 1174.66 1318.51 880.0 659.26 659.26 587.33 659.26 698.46 783.99 880.0 987.77 1046.5 1174.66 1318.51  1396.91 1396.91 1318.51  1174.66 1396.91 1046.5 987.77  1318.51 1174.66 1046.5 1318.51  1174.66 987.77 1046.5 1046.5 880.0 987.77 1046.5 1174.66 1318.51 1046.5 1046.5  1396.91 1396.91 1318.51 1174.66 1174.66 1046.5  1174.66 1396.91 1046.5 987.77 987.77 1174.66 880.0 783.99  1318.51 1174.66 1046.5 1318.51 1046.5 987.77 880.0 1046.5  1174.66 987.77 1046.5 987.77 698.46 783.99 783.99  0 0 0 0 0 0 0 0 0 0 0523.25 783.99 587.33 698.46 659.26 523.25 783.99 392.0 587.33 440.0 523.25  587.33 698.46 659.26 392.0 587.33 587.33 698.46 659.26 440.0 523.25 392.0 587.33  587.33 698.46 659.26 392.0 587.33 587.33 698.46 659.26 440.0 523.25 392.0 587.33  0523.25 783.99 587.33 698.46 659.26 523.25 783.99 392.0 587.33 440.0 523.25  0440.0 698.46 392.0 659.26 349.23 587.33 440.0 698.46 329.63 523.25 293.66 493.88  392.0 659.26 349.23 587.33 329.63 523.25 392.0 659.26 349.23 587.33 293.66 493.88 329.63 523.25  0440.0 698.46 392.0 659.26 349.23 587.33 440.0 698.46 329.63 523.25 293.66 493.88  392.0 659.26 349.23 587.33 329.63 523.25 392.0 659.26 349.23 587.33 293.66 493.88 329.63 523.25  392.0 659.26 349.23 587.33 329.63 523.25 392.0 659.26 349.23 587.33 293.66 493.88 329.63 523.25  392.0 659.26 349.23 587.33 329.63 523.25 392.0 659.26 349.23 587.33 293.66 493.88 329.63 523.25  987.77 00 698.46 987.77 783.99 1046.5  783.99 1046.5 783.99 1046.5  783.99 1046.5 1046.5 1396.91  783.99 1046.5 783.99 1046.5  698.46 987.77  698.46 987.77  698.46 987.77 00 

Flute
0 0 0 0 0 0 0 0 0 0 0 0 0 0 0 0 1318.51 1174.66 1046.5 1318.51  1174.66 987.77 1046.5 523.25 493.88 523.25 587.33 659.26 698.46 783.99 880.0 987.77 1046.5  1174.66 1174.66 1046.5  987.77 1174.66 880.0 783.99  783.99 698.46 659.26 783.99  698.46 587.33 659.26 659.26  987.77 987.77 783.99  698.46 987.77 659.26 587.33  783.99 698.46 659.26 783.99  698.46 587.33 659.26  0 0 0 0 0 0 0 0 0 0 0783.99 698.46 659.26 783.99 587.33 523.25  698.46 659.26 587.33 698.46 659.26 523.25 587.33  698.46 659.26 587.33 698.46 659.26 523.25 587.33  0783.99 698.46 659.26 783.99 587.33 523.25  0880.0 783.99 698.46 880.0 659.26 587.33  783.99 698.46 659.26 783.99 698.46 587.33 659.26  0880.0 783.99 698.46 880.0 659.26 587.33  783.99 698.46 659.26 783.99 698.46 587.33 659.26  783.99 698.46 659.26 783.99 698.46 587.33 659.26  783.99 698.46 659.26 783.99 698.46 587.33 659.26  493.88 00 587.33 659.26  659.26 659.26  659.26 880.0  659.26 659.26  587.33  587.33  587.33 00 

Oboe
0 0 0 0 0 0 0 0 0 0 0 0 0 0 0 0 0 0 1174.66 1174.66 1046.5  987.77 1174.66 880.0 783.99  783.99 698.46 659.26 783.99  698.46 587.33 659.26 659.26 523.25 587.33 659.26 698.46 783.99  587.33 698.46 587.33 698.46 523.25 659.26  493.88 587.33 587.33 698.46 440.0 523.25 392.0 493.88  659.26 587.33 523.25 523.25 493.88 440.0 392.0  587.33 659.26 493.88 440.0  0 0 0 0 0 0 0 0 0 0 01046.5 1174.66 1318.51 1046.5 783.99 880.0  1174.66 1318.51 783.99 1174.66 1318.51 880.0 783.99  1174.66 1318.51 783.99 1174.66 1318.51 880.0 783.99  01046.5 1174.66 1318.51 1046.5 783.99 880.0  0493.88 587.33 493.88 587.33 392.0 493.88 493.88 587.33 392.0 493.88 329.63 392.0  493.88 587.33 392.0 493.88 392.0 493.88 493.88 587.33 392.0 493.88 329.63 392.0 392.0 493.88  0493.88 587.33 493.88 587.33 392.0 493.88 493.88 587.33 392.0 493.88 329.63 392.0  493.88 587.33 392.0 493.88 392.0 493.88 493.88 587.33 392.0 493.88 329.63 392.0 392.0 493.88  493.88 587.33 392.0 493.88 392.0 493.88 493.88 587.33 392.0 493.88 329.63 392.0 392.0 493.88  493.88 587.33 392.0 493.88 392.0 493.88 493.88 587.33 392.0 493.88 329.63 392.0 392.0 493.88  493.88 00493.88 00 698.46 987.77 783.99 1046.5  783.99 1046.5 783.99 1046.5  783.99 1046.5 1046.5 1396.91  783.99 1046.5 783.99 1046.5  698.46 987.77  698.46 987.77  698.46 987.77 00 

Oboe
0 0 0 0 0 0 0 0 0 0 0 0 0 0 0 0 0 0 0 0 0 0 493.88 493.88 392.0  349.23 493.88 329.63 293.66  392.0 349.23 329.63  349.23 392.0 440.0  0 0 0 0 0 0 0 0 0 0 0523.25 783.99 587.33 698.46 659.26 523.25 783.99 392.0 587.33 440.0 523.25  587.33 698.46 659.26 392.0 587.33 587.33 698.46 659.26 440.0 523.25 392.0 587.33  587.33 698.46 659.26 392.0 587.33 587.33 698.46 659.26 440.0 523.25 392.0 587.33  0523.25 783.99 587.33 698.46 659.26 523.25 783.99 392.0 587.33 440.0 523.25  0987.77 987.77 987.77 987.77 987.77 987.77  987.77 987.77 987.77 987.77 987.77 987.77 987.77  0987.77 987.77 987.77 987.77 987.77 987.77  987.77 987.77 987.77 987.77 987.77 987.77 987.77  987.77 987.77 987.77 987.77 987.77 987.77 987.77  987.77 987.77 987.77 987.77 987.77 987.77 987.77  987.77  987.77  987.77  987.77  987.77  698.46  698.46  698.46 00 

English Horn
0 0 0 0 0 0 0 0 0 0 0 0 0 0 0 0 0 0 0 0 0 0 0 0 659.26 698.46 783.99  880.0 987.77  0 0 0 0 0 0 0 0 0 0 0587.33 523.25 493.88 587.33 440.0 392.0  523.25 493.88 440.0 523.25 493.88 392.0 440.0  523.25 493.88 440.0 523.25 493.88 392.0 440.0  0587.33 523.25 493.88 587.33 440.0 392.0  0880.0 880.0 587.33 880.0 587.33 493.88  880.0 587.33 587.33 880.0 587.33 493.88 523.25  0880.0 880.0 587.33 880.0 587.33 493.88  880.0 587.33 587.33 880.0 587.33 493.88 523.25  880.0 587.33 587.33 880.0 587.33 493.88 523.25  880.0 587.33 587.33 880.0 587.33 493.88 523.25  698.46 00 880.0 987.77  987.77 987.77  987.77 1318.51  987.77 987.77  698.46  698.46  698.46 00 

D Clarinet
0 0 0 0 0 0 0 0 0 0 0 0 0 329.63 349.23 392.0  392.0 440.0 493.88  523.25 587.33 659.26  392.0 440.0 493.88  523.25 440.0  659.26 659.26 587.33  523.25 659.26 493.88 440.0  587.33 523.25 493.88 587.33  523.25 440.0 493.88 493.88 523.25 587.33 659.26 698.46 783.99 698.46 783.99 880.0 987.77  1046.5 1046.5 987.77  880.0 1046.5 783.99 698.46  987.77 880.0 783.99 987.77  880.0 659.26 698.46 698.46  0 0 0 0 0 0 0 0 0 0 0987.77 987.77 987.77  987.77 987.77 987.77  987.77 987.77 987.77  0987.77 987.77 987.77  0880.0 880.0 880.0 880.0 880.0 880.0  880.0 880.0 880.0 880.0 880.0 880.0 880.0  0880.0 880.0 880.0 880.0 880.0 880.0  880.0 880.0 880.0 880.0 880.0 880.0 880.0  880.0 880.0 880.0 880.0 880.0 880.0 880.0  880.0 880.0 880.0 880.0 880.0 880.0 880.0  880.0 00 880.0 987.77  987.77 987.77  987.77 1318.51  987.77 987.77  880.0  880.0  880.0 00 

A Clarinet
0 0 0 0 0 0 0 0 220.0 246.94 261.63  293.66 000293.66 329.63 349.23  329.63 349.23 392.0 329.63 0000 440.0 0000440.0 493.88 493.88  261.63 293.66 329.63 261.63 0000 349.23 392.0 440.0 220.0 246.94 261.63  329.63 349.23 392.0 261.63 293.66 329.63  440.0 493.88 523.25 349.23 392.0 440.0  329.63 349.23 392.0 261.63 293.66 329.63  440.0 392.0 349.23 293.66  698.46 698.46 659.26 0 587.33 698.46 523.25 493.88 0 493.88 440.0 392.0 493.88 0 440.0 349.23 392.0 659.26 587.33 659.26 698.46 783.99 880.0 0000392.0 440.0 493.88 523.25 587.33 659.26 00 1174.66 1174.66 987.77 0 880.0 1174.66 783.99 698.46 0 987.77 880.0 783.99 987.77 392.0 440.0 493.88  880.0 698.46 783.99 587.33 523.25  0 0 0 0 0 0 0 0 0 0 0329.63 493.88 329.63 493.88 329.63 493.88  329.63 493.88 329.63 493.88 329.63 493.88  329.63 493.88 329.63 493.88 329.63 493.88  0329.63 493.88 329.63 493.88 329.63 493.88  0523.25 880.0 493.88 783.99 440.0 698.46 523.25 880.0 392.0 659.26 349.23 587.33  493.88 783.99 440.0 698.46 392.0 659.26 493.88 783.99 440.0 698.46 349.23 587.33 392.0 659.26  0523.25 880.0 493.88 783.99 440.0 698.46 523.25 880.0 392.0 659.26 349.23 587.33  493.88 783.99 440.0 698.46 392.0 659.26 493.88 783.99 440.0 698.46 349.23 587.33 392.0 659.26  493.88 783.99 440.0 698.46 392.0 659.26 493.88 783.99 440.0 698.46 349.23 587.33 392.0 659.26  493.88 783.99 440.0 698.46 392.0 659.26 493.88 783.99 440.0 698.46 349.23 587.33 392.0 659.26  587.33 00587.33 00 698.46 880.0 783.99 987.77  783.99 987.77 783.99 987.77  783.99 987.77 1046.5 1318.51  783.99 987.77 783.99 987.77  698.46 880.0  698.46 880.0  698.46 880.0 00 

Clarinetto basso
0 0 0 0 0 0 0 0 0 0 0 0 659.26 698.46 783.99  880.0 000 0 440.0 440.0 493.88  0 440.0 493.88 00 0 0 0 0 0 0 659.26 698.46 783.99  880.0 987.77 1046.5  0 0 0 0 293.66 293.66 293.66  293.66 293.66 293.66  293.66 293.66 293.66  293.66 293.66 293.66 246.94  220.0 220.0 220.0  220.0 220.0 220.0  220.0 220.0 220.0  220.0 220.0 220.0  220.0 220.0 220.0  174.61 174.61 174.61  220.0 220.0 220.0  293.66 293.66 220.0  293.66 220.0 220.0  293.66 293.66 220.0  293.66 293.66 220.0 220.0 293.66  220.0 293.66 220.0 293.66 220.0 293.66 220.0  293.66 00 587.33  587.33  587.33  587.33  293.66  293.66  293.66 00 

Faggoti
0 0 0 0 0 0 0 0 0 0 0 0 0 0 0 0 0 0 0 0 0 0 0 0 0 0 0 0 0 0 0 0 0 0 0 0 0392.0 392.0 392.0 0261.63 261.63 261.63  392.0 392.0 392.0 261.63 261.63 261.63  392.0 392.0 392.0 261.63 261.63 261.63  0392.0 392.0 392.0 0261.63 261.63 261.63  87.31 87.31 87.31  123.47 123.47 87.31  123.47 87.31 87.31  123.47 123.47 87.31  123.47 123.47 87.31 87.31 123.47  87.31 123.47 87.31 123.47 87.31 123.47 87.31  123.47 00123.47  246.94 123.47  246.94 123.47  246.94 123.47  246.94 123.47  123.47  123.47  123.47 00 

3 Fagotti
0 0 0 0 0 0 0 0 0 0 0 0 0 0 0 0 0 0 87.31 174.61 174.61  87.31 174.61 174.61  87.31 174.61 174.61  87.31 174.61 174.61  087.31  0164.81 174.61 0164.81 146.83 87.31  220.0 174.61 164.81 164.81 146.83 164.81 87.31  246.94 246.94 329.63 174.61 196.0 220.0 87.31  0 0 0 0 123.47 123.47 123.47  123.47 123.47 123.47  123.47 123.47 123.47  123.47 123.47 123.47 110.0  98.0 98.0 98.0  98.0 98.0 98.0  98.0 98.0 98.0  98.0 98.0 98.0  98.0 98.0 98.0  82.41 82.41 82.41  87.31 87.31 87.31  123.47 123.47 87.31  123.47 87.31 87.31  123.47 123.47 87.31  123.47 123.47 87.31 87.31 123.47  87.31 123.47 87.31 123.47 87.31 123.47 87.31  123.47  123.47  123.47  123.47  123.47  123.47  123.47  123.47 00 

Contrafagotto
0 0 0 0 0 0 0 0 0 0 0 0 0 0 0 0 0 0 0 0 0 0 43.65  43.65  43.65  43.65  0 0 0 0 61.74 61.74 61.74  61.74 61.74 61.74  61.74 61.74 61.74  61.74 61.74 61.74 55.0  49.0 49.0 49.0  49.0 49.0 49.0  49.0 49.0 49.0  49.0 49.0 49.0  49.0 49.0 49.0  41.2 41.2 41.2  43.65 43.65 43.65  61.74 61.74 43.65  61.74 43.65 43.65  61.74 61.74 43.65  61.74 61.74 43.65 43.65 61.74  43.65 61.74 43.65 61.74 43.65 61.74 43.65  61.74  61.74  61.74  61.74  61.74  61.74  61.74  61.74 00 

Corni
523.25 493.88  440.0 523.25 392.0 349.23  493.88 440.0 392.0 493.88  440.0 349.23 392.0 392.0  523.25 523.25 493.88  440.0 523.25 392.0 349.23  493.88 440.0 392.0 493.88  440.0 349.23 392.0  0 0 0 0 0 0 0 0 0 0 440.0 493.88 523.25 329.63 392.0  587.33 659.26 698.46 493.88 587.33  659.26 587.33 493.88 440.0 493.88  523.25 587.33 587.33 440.0 493.88  0 293.66 329.63 349.23  329.63 659.26 698.46 783.99 0329.63 349.23 698.46 783.99 0 0587.33 587.33 0493.88  0 0 0 0 87.31 0000 0 87.31 0000 0 73.42 0000 73.42 0000 0293.66 587.33 261.63 523.25 246.94 493.88 293.66 587.33 220.0 440.0 196.0 392.0  261.63 523.25 246.94 493.88 220.0 440.0 261.63 523.25 246.94 493.88 196.0 392.0 220.0 440.0  261.63 523.25 246.94 493.88 220.0 440.0 261.63 523.25 246.94 493.88 196.0 392.0 220.0 440.0  0293.66 587.33 261.63 523.25 246.94 493.88 293.66 587.33 220.0 440.0 196.0 392.0  0349.23 440.0 349.23 440.0 293.66 349.23 349.23 440.0 293.66 349.23 246.94 293.66  349.23 440.0 293.66 349.23 293.66 349.23 349.23 440.0 293.66 349.23 246.94 293.66 293.66 349.23  0349.23 440.0 349.23 440.0 293.66 349.23 349.23 440.0 293.66 349.23 246.94 293.66  349.23 440.0 293.66 349.23 293.66 349.23 349.23 440.0 293.66 349.23 246.94 293.66 293.66 349.23  349.23 440.0 293.66 349.23 293.66 349.23 349.23 440.0 293.66 349.23 246.94 293.66 293.66 349.23  349.23 440.0 293.66 349.23 293.66 349.23 349.23 440.0 293.66 349.23 246.94 293.66 293.66 349.23  698.46 698.46 00 698.46  698.46  698.46  698.46  698.46  698.46  698.46 00 

Corni
0 0 0 0 0 0 0 0 0 0 0 0 0 0 0 0 0 0 261.63 293.66 329.63  349.23 392.0 440.0  392.0 349.23 392.0  349.23  220.0 246.94 261.63 220.0 246.94 261.63  293.66 246.94 261.63 293.66 246.94 220.0  246.94 261.63 246.94 246.94 220.0 246.94  130.81 65.41 65.41 0 0 0 0 0 87.31 0000 0 87.31 0000 0 73.42 0000 73.42 0000 0293.66 392.0 261.63 440.0 246.94 493.88 293.66 392.0 220.0 293.66 196.0 329.63  261.63 440.0 246.94 493.88 220.0 293.66 261.63 440.0 246.94 493.88 196.0 329.63 220.0 293.66  261.63 440.0 246.94 493.88 220.0 293.66 261.63 440.0 246.94 493.88 196.0 329.63 220.0 293.66  0293.66 392.0 261.63 440.0 246.94 493.88 293.66 392.0 220.0 293.66 196.0 329.63  0349.23 440.0 349.23 440.0 293.66 349.23 349.23 440.0 293.66 349.23 246.94 293.66  349.23 440.0 293.66 349.23 293.66 349.23 349.23 440.0 293.66 349.23 246.94 293.66 293.66 349.23  0349.23 440.0 349.23 440.0 293.66 349.23 349.23 440.0 293.66 349.23 246.94 293.66  349.23 440.0 293.66 349.23 293.66 349.23 349.23 440.0 293.66 349.23 246.94 293.66 293.66 349.23  349.23 440.0 293.66 349.23 293.66 349.23 349.23 440.0 293.66 349.23 246.94 293.66 293.66 349.23  349.23 440.0 293.66 349.23 293.66 349.23 349.23 440.0 293.66 349.23 246.94 293.66 293.66 349.23  349.23 00349.23 00 392.0 493.88 587.33 392.0 493.88 587.33  392.0 493.88 587.33 440.0 523.25 659.26  440.0 523.25 659.26 523.25 659.26 783.99  440.0 523.25 659.26 392.0 493.88 587.33  392.0 493.88 587.33  392.0 493.88 587.33  392.0 493.88 587.33 00 

Trombe
0 0 0 0 0 0 0 0 0 0 0 0 0 0 0 0 0 0 0 0 0 0 587.33 698.46 880.0 587.33 698.46 880.0 493.88 659.26 783.99  440.0 587.33 698.46 587.33 698.46 880.0 392.0 523.25 659.26 349.23 493.88 587.33  493.88 659.26 783.99 440.0 587.33 698.46 392.0 523.25 659.26 493.88 659.26 783.99  440.0 587.33 698.46 349.23 440.0 587.33 392.0 493.88 659.26 392.0 493.88 659.26  0 0 0 0 0587.33 880.0 659.26 783.99 698.46 587.33 880.0 440.0 659.26 493.88 587.33  523.25 783.99 587.33 698.46 659.26 523.25 783.99 587.33 698.46 587.33 440.0 659.26  0587.33 880.0 659.26 783.99 698.46 587.33 880.0 440.0 659.26 493.88 587.33  523.25 783.99 587.33 698.46 659.26 523.25 783.99 587.33 698.46 587.33 440.0 659.26  0659.26 987.77 698.46 880.0 783.99 659.26 987.77 493.88 698.46 523.25 659.26  0659.26 987.77 698.46 880.0 783.99 659.26 987.77 493.88 698.46 523.25 659.26  0659.26 987.77 698.46 880.0 783.99 659.26 987.77 493.88 698.46 523.25 659.26  698.46 880.0 783.99 493.88 698.46 698.46 880.0 783.99 523.25 659.26 493.88 698.46  698.46 880.0 783.99 493.88 698.46 698.46 880.0 783.99 523.25 659.26 493.88 698.46  0659.26 987.77 698.46 880.0 783.99 659.26 987.77 493.88 698.46 523.25 659.26  0523.25 880.0 493.88 783.99 440.0 698.46 523.25 880.0 392.0 659.26 349.23 587.33  493.88 783.99 440.0 698.46 392.0 659.26 493.88 783.99 440.0 698.46 349.23 587.33 392.0 659.26  0523.25 880.0 493.88 783.99 440.0 698.46 523.25 880.0 392.0 659.26 349.23 587.33  493.88 783.99 440.0 698.46 392.0 659.26 493.88 783.99 440.0 698.46 349.23 587.33 392.0 659.26  493.88 783.99 440.0 698.46 392.0 659.26 493.88 783.99 440.0 698.46 349.23 587.33 392.0 659.26  493.88 783.99 440.0 698.46 392.0 659.26 493.88 783.99 440.0 698.46 349.23 587.33 392.0 659.26  587.33 00587.33 00 440.0 587.33 493.88 659.26  493.88 659.26 493.88 659.26  493.88 659.26 659.26 880.0  493.88 659.26 493.88 659.26  440.0 587.33  440.0 587.33  440.0 587.33 00 

Trombe
0 0 0 0 0 0 0 0 0 0 0 0 0 0 0 0 0 0 0 0 0 0 0 0 0 0 0 0 0 0 0 0 0 0 0 0 0493.88 440.0 392.0 493.88 349.23 329.63  440.0 392.0 349.23 440.0 392.0 329.63 349.23  440.0 392.0 349.23 440.0 392.0 329.63 349.23  0493.88 440.0 392.0 493.88 349.23 329.63  0587.33 587.33 587.33 587.33 587.33 587.33  587.33 587.33 587.33 587.33 587.33 587.33 587.33  0587.33 587.33 587.33 587.33 587.33 587.33  587.33 587.33 587.33 587.33 587.33 587.33 587.33  587.33 587.33 587.33 587.33 587.33 587.33 587.33  587.33 587.33 587.33 587.33 587.33 587.33 587.33  587.33 00 349.23 392.0  392.0 392.0  392.0 523.25  392.0 392.0  349.23  349.23  349.23 00 

Trombe
0 0 0 0 0 0 0 0 0 0 0 0 0 0 0 0 0 0 0 0 0 0 0 0 0 0 0 0 0 0 0 0 0 0 0 0 0659.26 987.77 659.26 987.77 659.26 987.77  659.26 987.77 659.26 987.77 659.26 987.77 659.26 987.77  659.26 987.77 659.26 987.77 659.26 987.77 659.26 987.77  0659.26 987.77 659.26 987.77 659.26 987.77  0 0 0 0 0 0 587.33 1174.66 293.66  587.33 1174.66 293.66  587.33 1174.66 293.66  587.33 1174.66 293.66  587.33 1174.66 293.66  349.23 440.0 587.33  349.23 440.0 587.33  349.23 440.0 587.33 00 

Tromboni
0 0 0 0 0 0 0 0 0 0 0 0 0 0 0 0 0 0 0 0 0 0 246.94 293.66 246.94 329.63 261.63 349.23  293.66 392.0 329.63 440.0 349.23 493.88  329.63 440.0 293.66 349.23 261.63 329.63  293.66 329.63 246.94 220.0  0 0 0 0 0246.94 349.23 261.63 329.63 293.66 246.94 349.23 174.61 261.63 196.0 246.94  220.0 329.63 246.94 293.66 261.63 220.0 329.63 246.94 293.66 246.94 174.61 261.63  0246.94 349.23 261.63 329.63 293.66 246.94 349.23 174.61 261.63 196.0 246.94  220.0 329.63 246.94 293.66 261.63 220.0 329.63 246.94 293.66 246.94 174.61 261.63  0261.63 392.0 293.66 349.23 329.63 261.63 392.0 196.0 293.66 220.0 261.63  0261.63 392.0 293.66 349.23 329.63 261.63 392.0 196.0 293.66 220.0 261.63  0 0 0 0 0220.0 349.23 196.0 329.63 174.61 293.66 220.0 349.23 164.81 261.63 146.83 246.94  196.0 329.63 174.61 293.66 164.81 261.63 196.0 329.63 174.61 293.66 146.83 246.94 164.81 261.63  0220.0 349.23 196.0 329.63 174.61 293.66 220.0 349.23 164.81 261.63 146.83 246.94  196.0 329.63 174.61 293.66 164.81 261.63 196.0 329.63 174.61 293.66 146.83 246.94 164.81 261.63  196.0 329.63 174.61 293.66 164.81 261.63 196.0 329.63 174.61 293.66 146.83 246.94 164.81 261.63  196.0 329.63 174.61 293.66 164.81 261.63 196.0 329.63 174.61 293.66 146.83 246.94 164.81 261.63  246.94 00246.94 00 174.61 246.94 196.0 261.63  196.0 261.63 196.0 261.63  196.0 261.63 261.63 349.23  196.0 261.63 196.0 261.63  174.61 246.94  174.61 246.94  174.61 246.94 00 

Tuba
0 0 0 0 0 0 0 0 0 0 0 0 0 0 0 0 0 0 0 0 0 0 174.61 196.0 220.0 87.31  246.94 261.63 293.66 87.31  261.63 246.94 196.0 87.31  174.61 196.0 220.0 87.31  0 0 0 0 0174.61 164.81 146.83 174.61 130.81 123.47 61.74 0000 164.81 146.83 130.81 164.81 146.83 123.47 130.81 000 0174.61 164.81 146.83 174.61 130.81 123.47 61.74 0000 164.81 146.83 130.81 164.81 146.83 123.47 130.81 000 0196.0 174.61 164.81 196.0 146.83 130.81 98.0 0000 0196.0 174.61 164.81 196.0 146.83 130.81 98.0 0000 98.0 000098.0 0000 0 0 0 43.65 87.31 43.65 87.31 43.65 87.31  61.74 123.47 61.74 123.47 43.65 87.31  61.74 123.47 43.65 87.31 43.65 87.31  61.74 123.47 61.74 123.47 43.65 87.31  61.74 123.47 61.74 123.47 43.65 87.31 43.65 87.31 61.74 123.47  43.65 87.31 61.74 123.47 43.65 87.31 61.74 123.47 43.65 87.31 61.74 123.47 43.65 87.31  61.74 123.47 00 146.83 164.81  164.81 164.81  164.81 220.0  164.81 164.81  61.74 146.83  61.74 146.83  61.74 146.83 00 

Timpani
0 0 0 0 0 0 0 0 0 0 0 0 0 0 0 0 0 0 0 0 0 0 87.31  87.31  87.31  87.31  0 0 0 0 123.47 0000 0 123.47 0000 0 98.0 0000 98.0 0000 98.0 0000 0 98.0 0000 98.0 0000 87.31 87.31 87.31  123.47 123.47 87.31  123.47 87.31 87.31  123.47 123.47 87.31  123.47 123.47 87.31 87.31 123.47  87.31 123.47 87.31 123.47 87.31 123.47 87.31  123.47 00 0 0 0 0 123.47  123.47  123.47 00 

Arpa I
00 00 00 00 00 00 00 00000220.0 246.94 261.63 293.66 329.63 220.0 246.94  698.46 0000 00 00 000329.63 349.23 392.0 440.0 493.88 523.25 587.33  1174.66 0000 00 00 00 00 0246.94 0 00174.61 220.0 293.66 329.63 196.0 261.63 329.63 349.23 220.0 261.63 349.23  392.0 246.94 329.63 392.0 440.0 261.63 329.63 440.0 493.88 293.66 392.0 493.88 0 440.0 261.63 329.63 440.0 493.88 293.66 392.0 493.88 523.25 329.63 392.0 523.25 0 587.33 349.23 493.88 587.33 659.26 392.0 493.88 587.33 659.26 392.0 493.88 659.26 0 698.46 659.26 698.46 146.83 164.81 174.61  783.99 880.0 987.77 196.0 220.0 246.94  880.0 698.46 783.99 220.0 246.94 261.63  987.77 987.77 880.0 293.66 329.63 329.63 349.23 392.0 440.0 493.88 523.25 587.33  00 00 00 00 00 00 00 00 00 00 00 00 00 00 00 00 00 00 00 00 00 00 00 00 00 00 00 00 

Arpa II
00 00 00 00 00 00 00 00 087.31 98.0 110.0  0123.47 130.81 146.83  0130.81 146.83 164.81  0174.61 196.0 196.0  130.81 146.83 164.81 110.0 123.47 130.81  174.61 196.0 220.0 146.83 164.81 174.61  220.0 246.94 261.63 130.81 146.83 164.81  293.66 329.63 349.23 174.61 196.0 220.0  220.0 246.94 261.63 130.81 146.83 164.81  293.66 329.63 174.61 164.81  220.0 293.66 261.63 329.63 261.63 349.23 174.61 196.0 220.0  329.63 392.0 329.63 440.0 392.0 493.88 246.94 261.63 293.66  329.63 440.0 392.0 493.88 392.0 523.25 261.63 293.66 329.63  493.88 587.33 493.88 659.26 493.88 659.26 349.23 392.0 392.0  0146.83 174.61 246.94 293.66 164.81 196.0 246.94 329.63 174.61 220.0 261.63 349.23  293.66 392.0 329.63 440.0 349.23 493.88 196.0 246.94 220.0 261.63 246.94 293.66  329.63 440.0 349.23 493.88 392.0 523.25 220.0 261.63 246.94 293.66 261.63 329.63  493.88 587.33 493.88 659.26 440.0 659.26 293.66 349.23 329.63 392.0 329.63 392.0  00 00 00 00 00 00 00 00 00 00 00 00 00 00 00 00 00 00 00 00 00 00 00 00 00 00 00 00 

Triangolo
0 0 0 0 0 0 0 0 0 0 0 0 0 0 0 0 0 0 0 0 0 0 0 0 0 0 0 0 0 0 0 0 0 0 0 0 0 0 0 0 0 0 0 0 0 0 3520.0  3520.0  3520.0  3520.0  3520.0  3520.0  3520.0  3520.0 00 

Piatti
0 0 0 0 0 0 0 0 0 0 0 0 0 0 0 0 0 0 0 0 0 0 0 0 0 0 0 0 0 0 0 0 0 0 0 0 0 0 0 0 0 0 0 0 0 0 0 0 0 0 0 0 0 3520.0 00 

Cassa
0 0 0 0 0 0 0 0 0 0 0 0 0 0 0 0 0 0 0 0 0 0 0 0 0 0 0 0 0 0 0 0 0 0 0 0 0 0 0 0 3520.0 00 0 3520.0 00 0 0 3520.0 3520.0 3520.0  3520.0 00 0 0 0 0 3520.0  3520.0  3520.0 00 

Violini I
587.33 698.46 987.77 000 0 0 0 0 0 0 0 698.46 659.26  587.33 698.46 523.25 493.88  659.26 659.26 587.33 523.25 659.26  587.33 493.88 523.25 523.25  698.46 659.26  587.33 698.46 523.25 493.88  659.26 587.33 523.25 659.26  587.33 493.88 523.25 523.25  659.26 587.33 523.25 659.26  587.33 493.88 523.25 523.25 587.33 659.26 698.46 783.99 880.0 987.77 1046.5 1174.66 1318.51  1396.91 1396.91 1318.51  1174.66 1396.91 1046.5 987.77  1318.51 1174.66 1046.5 1318.51  1174.66 987.77 1046.5 1318.51 587.33 659.26 698.46 783.99 880.0 987.77 1046.5 1174.66 1318.51  1396.91 1396.91 1318.51  1174.66 1396.91 1046.5 987.77  1318.51 1174.66 1046.5 1318.51  1174.66 987.77 1046.5  987.77  987.77  987.77  987.77  0698.46 698.46 698.46  698.46 698.46 698.46  0698.46 698.46 698.46  698.46 698.46 698.46  0783.99 783.99 783.99  0783.99 783.99 783.99  0783.99 587.33 698.46 659.26 523.25 783.99 587.33 523.25  587.33 698.46 659.26 392.0 587.33 587.33 698.46 659.26 523.25 392.0 587.33  587.33 698.46 659.26 392.0 587.33 587.33 698.46 659.26 523.25 392.0 587.33  0783.99 587.33 698.46 659.26 523.25 783.99 587.33 523.25  0587.33 698.46 587.33 659.26 392.0 587.33 587.33 698.46 392.0 523.25 392.0 493.88  587.33 659.26 392.0 587.33 392.0 523.25 587.33 659.26 392.0 587.33 392.0 493.88 392.0 523.25  0587.33 698.46 587.33 659.26 392.0 587.33 587.33 698.46 392.0 523.25 392.0 493.88  587.33 659.26 392.0 587.33 392.0 523.25 587.33 659.26 392.0 587.33 392.0 493.88 392.0 523.25  587.33 659.26 392.0 587.33 392.0 523.25 587.33 659.26 392.0 587.33 392.0 493.88 392.0 523.25  587.33 659.26 392.0 587.33 392.0 523.25 587.33 659.26 392.0 587.33 392.0 493.88 392.0 523.25  987.77  987.77  987.77  987.77  987.77  987.77  987.77  587.33 987.77 00 

Violini I
0 0 0 0 0 0 0 0 0 0 0 0 0 0 0 0 659.26 587.33 523.25 659.26  587.33 493.88 523.25 523.25 493.88 523.25 587.33 659.26 698.46 783.99 880.0 987.77 1046.5  1174.66 1174.66 1046.5  987.77 1174.66 880.0 783.99  783.99 698.46 659.26 783.99  698.46 587.33 659.26 659.26 493.88 523.25 587.33 659.26 698.46 783.99 880.0 987.77 1046.5  1396.91 1396.91 1318.51  1174.66 1396.91 1046.5 987.77  1318.51 1174.66 1046.5 1318.51  1174.66 987.77 1046.5  987.77 880.0 880.0 659.26 698.46 698.46  987.77 880.0 880.0 659.26 698.46 698.46  987.77 880.0 880.0 659.26 698.46 698.46  987.77 880.0 880.0 659.26 698.46 698.46  0493.88 493.88 493.88  493.88 493.88 493.88  0493.88 493.88 493.88  493.88 493.88 493.88  0523.25 523.25 523.25  0 0 0 0 0 0 0 0 0 0 0 0 0 0 0 0 0 0 0 

Violini II
0 0 0 0 0 0 0 0 0 0 0 0 0 0 0 0 440.0 880.0  440.0 880.0 329.63 659.26 329.63 659.26  698.46 698.46 659.26  587.33 698.46 523.25 493.88  659.26 587.33 523.25 659.26  587.33 493.88 523.25 523.25  587.33 987.77 587.33 987.77 523.25 783.99  493.88 698.46 440.0 659.26 392.0 587.33  523.25 783.99 493.88 698.46 440.0 659.26 659.26  493.88 698.46 392.0 659.26 392.0 659.26  0 698.46 698.46 659.26 523.25 523.25 587.33  698.46 698.46 659.26 523.25 523.25 587.33  698.46 698.46 659.26 523.25 523.25 587.33  0698.46 698.46 698.46  698.46 698.46 698.46  0698.46 698.46 698.46  698.46 698.46 698.46  0783.99 783.99 783.99  0523.25 523.25 523.25  0261.63 392.0 523.25 783.99 293.66 349.23 329.63 261.63 392.0 196.0 293.66 261.63  293.66 349.23 329.63 196.0 293.66 293.66 349.23 329.63 261.63 196.0 293.66  293.66 349.23 329.63 196.0 293.66 293.66 349.23 329.63 261.63 196.0 293.66  0261.63 392.0 523.25 783.99 293.66 349.23 329.63 261.63 392.0 196.0 293.66 261.63  0440.0 493.88 392.0 493.88 349.23 493.88 440.0 493.88 329.63 493.88 293.66 329.63  392.0 493.88 349.23 493.88 329.63 493.88 392.0 493.88 349.23 493.88 293.66 329.63 329.63 493.88  0440.0 493.88 392.0 493.88 349.23 493.88 440.0 493.88 329.63 493.88 293.66 329.63  392.0 493.88 349.23 493.88 329.63 493.88 392.0 493.88 349.23 493.88 293.66 329.63 329.63 493.88  392.0 493.88 349.23 493.88 329.63 493.88 392.0 493.88 349.23 493.88 293.66 329.63 329.63 493.88  392.0 493.88 349.23 493.88 329.63 493.88 392.0 493.88 349.23 493.88 293.66 329.63 329.63 493.88  493.88 987.77  493.88 987.77  493.88 987.77  493.88 987.77  493.88 987.77  493.88 698.46  493.88 698.46  493.88 698.46 00 

Violini II
587.33 493.88  587.33 493.88  659.26 493.88  659.26 493.88  587.33 493.88  587.33 493.88  523.25 440.0  523.25 440.0  440.0 523.25 440.0 523.25  440.0 523.25 440.0 523.25 349.23 440.0 349.23 440.0  392.0 493.88 392.0 493.88  493.88 493.88 587.33 329.63 493.88 329.63 392.0 329.63 329.63 493.88 329.63 493.88  880.0 440.0  880.0 440.0  880.0 440.0  880.0 880.0 293.66 329.63 349.23 392.0 440.0 493.88 523.25 587.33 659.26 698.46 783.99 440.0 440.0 293.66 329.63 349.23 392.0 440.0 493.88 523.25 587.33 659.26 698.46 783.99  440.0 880.0  440.0 880.0 329.63 659.26 329.63 659.26  587.33 587.33 523.25  493.88 587.33 440.0 392.0  392.0 349.23 329.63 392.0  349.23 293.66 329.63 329.63 349.23 392.0 440.0 493.88 523.25 587.33 659.26 698.46 783.99  493.88 698.46 493.88 698.46 392.0 659.26  349.23 587.33 329.63 523.25 293.66 493.88  392.0 659.26 349.23 587.33 329.63 523.25 392.0 523.25  349.23 587.33 329.63 523.25  493.88  493.88  493.88  493.88  0493.88 493.88 493.88  493.88 493.88 493.88  0493.88 493.88 493.88  493.88 493.88 493.88  0523.25 523.25 523.25  0 0 0 0 0 0 0 0 0 0 0 0 0 0 0 0 0 0 0 

Viole
349.23 493.88 0000 0 493.88 392.0  493.88 392.0  493.88 000 0 0 0 0 0 0 0 261.63 293.66 329.63  349.23 392.0 440.0  261.63 293.66 329.63  349.23 392.0 440.0  440.0 493.88 523.25  587.33 493.88  293.66 329.63 349.23  392.0 440.0 493.88  440.0 493.88 523.25  587.33 659.26  293.66 329.63 349.23  392.0 440.0 493.88  440.0 493.88 523.25  587.33 659.26  0 0 0 293.66 329.63 329.63 440.0 392.0 349.23  0246.94 261.63 293.66 329.63 349.23 349.23 349.23  349.23 349.23 349.23  0246.94 261.63 293.66 329.63 349.23 349.23 349.23  349.23 349.23 349.23  0261.63 293.66 329.63 349.23 392.0 392.0 392.0  0261.63 293.66 329.63 349.23 392.0 392.0 392.0  0196.0 392.0 174.61 196.0 164.81 196.0 196.0 146.83 196.0 130.81 196.0  174.61 196.0 164.81 196.0 146.83 196.0 174.61 196.0 164.81 196.0 130.81 196.0 146.83 196.0  174.61 196.0 164.81 196.0 146.83 196.0 174.61 196.0 164.81 196.0 130.81 196.0 146.83 196.0  0196.0 392.0 174.61 196.0 164.81 196.0 196.0 146.83 196.0 130.81 196.0  0293.66 349.23 293.66 329.63 196.0 293.66 293.66 349.23 196.0 261.63 196.0 246.94  293.66 329.63 196.0 293.66 196.0 261.63 293.66 329.63 196.0 293.66 196.0 246.94 196.0 261.63  0293.66 349.23 293.66 329.63 196.0 293.66 293.66 349.23 196.0 261.63 196.0 246.94  293.66 329.63 196.0 293.66 196.0 261.63 293.66 329.63 196.0 293.66 196.0 246.94 196.0 261.63  293.66 329.63 196.0 293.66 196.0 261.63 293.66 329.63 196.0 293.66 196.0 246.94 196.0 261.63  293.66 329.63 196.0 293.66 196.0 261.63 293.66 329.63 196.0 293.66 196.0 246.94 196.0 261.63  246.94  246.94  246.94  246.94  246.94  293.66 349.23  293.66 349.23  293.66 349.23 00 

Viole
0 0 0 0 0 0 0 0 0 0 0 0 220.0 246.94 261.63  293.66 329.63 349.23  220.0 246.94 261.63  293.66 329.63 349.23  261.63 293.66 329.63  349.23 329.63 261.63  220.0 261.63  329.63 392.0  329.63 392.0  493.88  246.94 261.63  293.66 329.63 349.23  329.63 349.23 392.0  493.88 440.0 392.0  0 0 246.94 246.94 261.63 329.63 329.63 293.66  246.94 246.94 261.63 329.63 329.63 293.66  0246.94 261.63 293.66 329.63 349.23 349.23 349.23  349.23 349.23 349.23  0246.94 261.63 293.66 329.63 349.23 349.23 349.23  349.23 349.23 349.23  0261.63 293.66 329.63 349.23 392.0 392.0 392.0  0 0 0 0 0 0 0 0 0 0 0 0 0 0 0 0 0 0 0 

Violoncello
0 0 0 0 0 0 0 0 146.83 000 0 0 0 0 0 0 0 220.0 246.94 261.63  293.66 246.94  174.61 196.0 220.0  246.94 261.63 293.66  261.63 293.66 329.63  349.23 392.0 392.0  174.61 196.0 220.0  246.94 261.63 293.66  261.63 293.66 329.63  349.23 392.0 392.0 440.0  0 0 0 0 0246.94 246.94 246.94  246.94 246.94 246.94  246.94 246.94 246.94  246.94 246.94 246.94  0261.63 261.63 261.63  0261.63 261.63 261.63  98.0 98.0 98.0  98.0 98.0 98.0  98.0 98.0 98.0  82.41 82.41 82.41  87.31 220.0 246.94 196.0 246.94 174.61 246.94 220.0 246.94 164.81 246.94 146.83 164.81  196.0 246.94 174.61 246.94 164.81 246.94 196.0 246.94 174.61 246.94 146.83 164.81 164.81 246.94  123.47 220.0 246.94 196.0 246.94 174.61 246.94 220.0 246.94 164.81 246.94 146.83 164.81  196.0 246.94 174.61 246.94 164.81 246.94 196.0 246.94 174.61 246.94 146.83 164.81 164.81 246.94  196.0 246.94 174.61 246.94 164.81 246.94 196.0 246.94 174.61 246.94 146.83 164.81 164.81 246.94  196.0 246.94 174.61 246.94 164.81 246.94 196.0 246.94 174.61 246.94 146.83 164.81 164.81 246.94  123.47  123.47  123.47  123.47  123.47  123.47 246.94  123.47 246.94  123.47 246.94 00 

Violoncello
146.83  146.83  146.83  146.83  146.83  146.83  146.83  146.83  146.83 000 0 0 0 123.47  123.47  123.47  123.47  123.47  123.47 196.0 196.0  174.61  174.61  174.61  174.61  146.83 164.81 174.61  196.0 220.0 246.94  220.0 246.94 261.63  293.66 329.63  246.94  246.94  246.94  246.94  0246.94 246.94 246.94  246.94 246.94 246.94  0246.94 246.94 246.94  246.94 246.94 246.94  0261.63 261.63 261.63  0 0 0 0 0 0 0 0 0 0 0 0 0 0 0 0 0 0 0 

Contrabassi
73.42  73.42  73.42  73.42  73.42  73.42  73.42  73.42  61.74  61.74  61.74  61.74  61.74  61.74  61.74  61.74  61.74  61.74 98.0 98.0  87.31  87.31  87.31  87.31  43.65  43.65  43.65  43.65  0 0 0 0 61.74 61.74 61.74  61.74 61.74 61.74  61.74 61.74 61.74  61.74 61.74 61.74 55.0  49.0 49.0 49.0  49.0 49.0 49.0  49.0 49.0 49.0  49.0 49.0 49.0  49.0 49.0 49.0  41.2 82.41 41.2 82.41 41.2 82.41  43.65 43.65 43.65  61.74 61.74 43.65  61.74 43.65 43.65  61.74 61.74 43.65  61.74 61.74 43.65 43.65 61.74  43.65 61.74 43.65 61.74 43.65 61.74 43.65  61.74  61.74  61.74  61.74  61.74  61.74  61.74  61.74 00 

